w100
h100
81635
176065
176047
250840
58480
169764
149955
165541
189006
30650
33012
111750
208573
118438
255800
143580
137187
131243
45062
246627
174273
124178
148740
54220
8629
36673
204755
175297
130771
121080
121769
216381
238913
70948
70035
195994
236604
54434
239049
241192
26080
132000
118749
186589
255415
244838
36624
210090
242739
191241
134707
10588
24752
224621
83383
15840
188733
196215
103554
231714
146187
69428
198812
23518
229943
214783
97049
197324
240424
180063
35855
201697
249945
24601
51510
13682
46241
184814
84252
78325
152352
165562
87406
138585
196702
86885
160993
254033
160834
224765
28311
91014
186501
152115
89050
188696
41674
247041
245960
194836
149466
74308
78305
92767
195632
117028
91219
137539
102591
242555
87910
37896
123174
169652
170280
192247
186490
256836
117892
260650
114794
209713
2190
256670
171487
245051
122372
166260
116508
172920
59431
100066
112003
58898
137368
81694
191163
97381
98503
43833
251662
119936
164765
158718
40627
236316
76225
134770
223970
14831
73883
261921
248405
175790
94106
38299
131454
2849
51888
110125
114539
181795
74333
168823
194622
87993
107250
6406
73616
138514
154698
187592
201041
90566
59888
46642
217827
77183
65369
20953
83673
170269
259600
171234
148466
92640
119136
125219
10348
232051
151988
49985
47652
212781
175311
101441
146710
139955
6408
100287
175779
55798
24715
58516
3153
17516
177585
97584
33546
46007
223398
176331
109033
259097
40391
146236
228036
68294
187019
249137
157702
133575
248210
153647
251752
107185
26489
262100
236972
84994
156169
59345
241743
251688
236329
136608
137668
253864
199123
116539
195148
92750
56134
165979
41677
137078
127600
99747
55696
186552
99643
92204
210272
23269
164007
48171
161917
55162
44490
110516
34578
239922
216182
32013
4435
27611
233641
74487
220958
141903
5703
7564
137067
191865
88195
221716
76785
52888
160889
247412
189875
148280
40032
31295
259503
198189
19417
157771
39187
209130
73457
194711
254038
255754
196508
57574
10887
107882
14305
12385
176663
165124
42896
252816
67197
101537
256509
212498
37135
176591
96319
60516
92441
78132
198478
132558
250032
213711
126441
238000
62667
123003
115463
135234
261374
156559
18079
130212
83138
260922
147403
119272
71917
94011
61023
170188
165002
99376
77437
228628
92167
42245
192060
259888
134832
171199
108075
53295
179265
255412
92555
244408
44454
71598
9908
66963
8937
156495
140952
131048
82728
71946
134173
151390
206594
47351
196428
250617
185884
209193
55337
261918
152290
142537
39889
144280
164912
142847
173134
117778
170959
4487
166987
8249
12
172132
130361
211982
126553
56891
194570
210634
231945
215079
258350
218420
83656
53327
123699
111531
18221
137522
136766
131245
234831
115820
247516
221047
48934
115665
234069
36248
246529
182376
20595
178091
92950
36598
64509
186153
53173
105449
131802
176860
69660
57611
115023
17299
65778
111675
82933
23228
253602
235100
16139
138869
255549
657
77527
250442
46093
61150
70832
11377
97230
159214
212310
261229
234658
209777
155439
161675
39510
227118
228488
121730
34038
43682
239787
9972
92290
121800
188112
145796
244355
46
10771
173480
37030
4670
239826
45540
232724
192895
214342
165476
129934
33729
152625
63649
162810
167802
191141
81509
53108
297
171642
60968
136974
67106
13212
231569
1899
75224
220702
49242
204803
82838
253675
40643
133459
193696
70124
66263
165626
230377
38639
240348
9525
14553
13003
153912
113141
74431
4152
21504
235063
91103
102732
139419
243974
18978
221671
247372
35355
190531
155336
136146
24146
215182
178947
58864
225340
51898
194435
8976
139658
134018
161309
48144
148632
157679
38024
220161
195720
106666
177716
237152
35658
228702
120398
49879
171384
221657
181166
70540
177475
150889
164173
256149
222700
117422
76882
5305
250708
38513
73915
116159
72073
149365
49859
47462
99871
166283
92224
255064
190497
160660
186287
210959
90880
237086
231974
16247
245192
200866
184494
118750
163688
138531
49377
50646
26440
153556
41115
140798
101212
134532
76918
139554
14281
131406
168599
163979
247870
101716
162335
184268
10690
209624
165658
61785
26190
40871
22220
52719
157458
11471
149886
83790
133705
130734
31254
61540
122785
231986
257872
26007
179569
191330
75601
83393
135570
257158
59725
107795
121539
159340
175962
213095
193659
25496
119611
129985
156243
218433
41916
233782
76834
54684
64475
28705
176507
115125
155517
252425
133843
177219
40307
252867
226358
248744
212363
106218
147758
242134
32103
144646
161851
66935
130544
38038
23180
24695
170222
37006
56854
181501
253399
237212
40191
24532
5832
27822
104031
170632
217683
229499
215602
1472
180009
182985
160959
190359
229523
117532
223982
145220
7416
23247
24619
41662
88789
6880
137592
113079
258395
51528
202717
4098
95586
91369
184256
191027
238156
222014
258017
208011
86194
168913
3931
68179
59887
210617
108963
88649
228095
203444
170063
96953
127409
64636
70165
235791
79974
163147
122238
123045
115907
138644
23715
143515
177208
111877
72836
174159
132278
217034
119462
16374
193928
108204
154230
180386
260949
78926
128083
247091
195973
207872
79222
212307
88872
177353
131777
29851
172928
95614
93766
232431
204521
180969
167279
138664
125892
29622
193740
28259
255199
118316
133289
94497
26515
10386
1492
258182
150116
47386
53249
14721
50705
168613
15041
68637
237030
215986
178929
18624
39788
50754
52302
58169
257449
195144
223797
195253
185537
54807
141944
161726
137097
37239
59156
199185
141638
236545
51647
132050
65058
198494
212552
225182
169859
15665
124757
139517
169094
93021
253602
192410
99713
37841
169174
110989
82029
210961
79394
47226
4971
186601
262010
257581
219858
9851
147973
149606
152406
110185
41207
59477
151281
254626
247611
96713
239520
82234
44931
51775
30543
68980
29449
225150
86323
60557
82236
73453
208829
232416
244663
128199
193220
49199
75444
90815
128275
82864
43421
85150
108707
171205
218543
139782
188181
867
44976
85058
253557
226613
11590
168989
164905
84203
177081
199920
115054
174764
79330
92343
253885
155445
175874
236060
94964
217889
35338
173764
239350
26818
106233
82714
157714
87195
24300
70826
254379
193514
9990
208392
114847
22457
143985
200688
165666
204008
211025
116621
41900
190843
175665
13616
189551
57186
91462
13900
67164
19412
244879
73624
114386
186782
257168
21761
15183
170951
209785
239058
260615
149760
106358
92031
253531
221022
242964
245766
254488
150805
189642
82609
22679
225852
127463
157920
150762
172272
133908
29910
258853
89863
2864
190307
50133
195892
255833
211161
238843
65279
154226
111383
84879
243158
71051
59913
82744
197154
85113
37600
209641
103434
114310
254131
212260
123375
226327
18584
252040
20513
187329
28294
103442
159966
81148
257273
82915
6670
138016
119254
105568
24717
194432
238324
82153
87250
222300
219543
223130
95778
157707
138597
131192
18360
2092
31587
249356
204436
133766
182162
230670
208615
142191
98569
210904
133814
129105
169458
112986
195294
14027
166662
181550
175172
234858
102839
174415
46228
199907
16216
206280
174160
153480
169654
205585
45979
213859
257154
99091
180471
113488
176585
179864
93678
126106
237271
62849
250058
177965
132617
157602
253053
111190
55367
87573
222888
184041
170070
26876
98564
218650
97248
104979
181466
87608
192568
108302
174362
112893
206472
74625
48085
80150
153575
80213
111019
106998
139028
224889
183558
64678
1207
125458
56563
203225
235803
10700
6219
129876
193156
187142
135130
66452
82839
146899
159847
253041
248315
237388
19425
237385
12114
128876
182129
48617
243708
174961
9097
191674
201030
202936
241124
67873
110653
34632
40576
99005
72589
171020
73995
98599
118952
46626
96442
104137
73380
19623
39722
32807
54004
155045
77132
70089
186744
159168
189504
222782
208699
233229
127840
233685
206960
113851
153505
25326
215708
76031
138951
37717
37874
219651
131584
129563
251769
235144
116387
135682
187800
191095
191574
137245
98743
236710
248743
63237
70642
41437
219628
224097
255996
745
212083
5574
18914
92
41643
35601
67831
118045
25653
172542
73069
244605
80114
127258
102928
150083
82076
238016
2336
209025
127302
246701
24074
35083
91972
253626
243355
238907
256846
50809
203023
192696
215777
243495
59590
119154
128268
194151
67016
170641
247125
10879
185923
105539
16512
15421
145774
123534
64720
118376
228951
146595
142771
145050
85265
123509
215274
100444
106693
74872
140296
77608
184083
7854
174363
2395
80873
161508
208584
108967
98752
214853
251513
183127
36237
40066
76387
87929
206844
73054
68521
223142
257370
110725
147800
127299
228771
231923
154938
66886
104107
104601
15007
42937
129641
58050
239188
223362
211233
213626
132232
175263
108981
218494
179978
26648
118707
151999
126752
51232
15943
41828
79157
251745
235694
261758
167581
63280
195548
185249
256271
194647
184421
108720
35990
216233
221399
211964
247256
66100
89697
99499
186491
242281
203387
232466
4730
175007
151340
68350
92580
243109
249729
163926
87241
153314
201943
166058
133549
185691
90048
126000
176151
80544
65152
45552
190099
123288
214294
67699
139124
134994
237786
14420
117970
8639
102775
121812
72767
55098
182184
87856
5973
250581
75049
127304
67627
156494
31645
219162
7213
151465
212398
229777
169313
106672
132525
98431
140204
32244
153412
154955
218139
27192
12272
167255
224914
174395
177808
172721
246527
87866
72431
73987
101603
47086
76423
228937
71847
170171
33140
31574
199734
43192
155704
30701
98649
224123
56760
32009
241198
146999
112744
128683
10515
166431
149304
32287
186480
39422
226436
21080
164164
113149
120578
586
76456
196023
145499
205137
220724
31186
180939
17996
188196
3233
162644
67574
66337
202754
250882
38792
55239
203028
154108
81679
250128
100466
131541
258086
93167
219737
160515
142224
82902
219026
170266
102673
174275
173072
166730
242432
19170
227836
209877
27
95502
70814
112042
69820
34089
40755
195442
237572
204562
16368
259853
4947
163492
121663
13153
127272
138307
159544
240838
152932
146301
15651
39415
78229
253806
62176
249502
231221
29631
177908
174932
188932
64272
171056
10369
130861
88512
145219
38899
225911
70136
186342
65424
202426
235619
260337
82960
159727
55829
157151
199387
198576
185922
113039
139475
22069
64826
122482
118513
84173
141288
229160
179688
216906
246240
57374
78164
220754
112479
14142
108058
55436
194329
28035
246189
198931
166891
110346
142554
221757
190004
192801
175274
51009
14508
254910
236793
101256
79501
150980
141043
244607
181096
50317
173508
49140
47626
15099
228935
39839
135332
162713
189625
38833
34505
153777
127529
54275
194975
62862
54169
230129
260953
200752
208876
79962
119052
131224
118169
104931
150094
180023
3692
220392
17016
41653
33659
120675
212994
82133
108793
238277
79256
30991
117181
81503
179892
235038
130347
256895
189350
131369
117035
220285
811
143388
111473
96548
22216
88268
153179
146420
172574
88871
1272
110089
81932
106345
36414
183744
6886
46716
9785
106465
167942
242209
54334
100167
114253
84598
207611
240633
67339
221438
22594
232412
241309
75194
154293
119989
85232
258063
155017
163121
40427
67683
222361
57178
151969
189266
159955
8263
215201
69270
241879
74349
15407
198143
132867
121841
81236
50669
242499
70924
218032
170472
130402
59761
169317
160529
30815
81925
36267
175872
29522
111742
256943
154208
65428
62227
137101
53206
118797
43696
255032
16464
235041
145421
126097
81660
156486
211978
131042
226016
93139
135518
243635
199905
21609
168291
47737
114919
39972
250114
92312
124331
255278
135203
195357
120231
114166
17159
117955
93269
251101
192450
73953
121824
217151
87346
122423
37625
10998
155500
144756
148841
9000
245489
239337
245632
48898
123588
42010
227247
199034
198287
59990
246515
16649
259314
160603
170331
87033
172456
175066
63883
222840
243173
77223
160703
141536
39909
32332
161672
99554
53795
201048
203491
10466
35643
132838
122221
235522
231303
100452
208018
200326
49437
207357
78573
103209
206267
42666
252063
151128
34092
135797
35319
192630
53854
232028
171876
188357
217985
144331
149620
169556
103200
171414
213017
209137
149447
149952
207653
122222
234371
48287
95524
240369
92744
21314
43453
66609
202673
223797
94099
229313
150566
128063
36025
32309
198042
145948
84199
147596
18588
15190
53498
231098
179206
222328
215685
221329
100166
159792
156982
182905
179320
145882
22043
100653
99512
213435
231563
11792
34177
225892
59628
13847
165249
27807
222461
20496
186019
51544
118356
137288
206034
94056
91174
254780
186042
15142
130400
8731
159379
21919
140579
210478
88304
27037
58724
97641
179796
42941
28634
65440
16531
140380
154855
241126
251481
19237
39908
47818
29377
34156
159687
21468
207205
113935
54364
21467
172559
247363
136977
168733
129522
174377
186483
94185
86538
21542
146192
140535
212871
247063
208330
171137
142055
25098
75500
31587
66735
131060
200929
13965
24517
174768
95216
13483
9346
136015
251407
132031
193349
240651
63978
146617
6156
85006
9348
56883
219257
115971
234352
202828
203096
147978
166851
46166
48302
217479
262049
222432
238339
184764
240394
177312
90330
241498
158577
34414
127603
42274
186477
14778
185830
23602
136227
206838
175057
77098
226270
94860
3940
219922
161084
84342
136784
93487
39934
76115
180876
115168
48924
182453
4485
172588
21106
98524
53881
26142
41125
134799
203372
18482
200363
114033
43575
74434
260400
113105
38348
174957
240263
166722
97316
110952
206042
226993
169061
122989
57136
83245
183176
163689
212997
67508
83450
257434
26284
137724
71207
50954
217589
219783
61169
230704
85871
104935
27983
31551
11274
17001
8537
108088
42568
2524
173726
114492
20414
48008
192152
33356
192298
30444
12006
177021
74713
123044
50297
189872
95200
173930
29250
153281
243498
86200
176657
172685
112727
55003
110900
110787
62697
92160
48589
169249
25000
215818
210405
110945
87038
104967
237839
5212
226478
179368
83404
251536
147267
108466
105421
135386
106533
131720
190889
89299
7103
135510
53831
208075
74843
30715
165323
103751
176099
214217
101158
110827
182396
61184
234723
221143
110616
57570
204882
47083
189250
119281
91127
77061
29171
90584
124967
11886
216946
127359
186778
114381
54232
30128
147969
227333
246824
219783
59775
249897
203177
91967
30846
7848
115135
111724
27140
83468
158354
202008
58689
213964
2458
220412
236949
118684
1458
235464
257207
82381
112407
194825
45704
213380
123525
75656
4902
13905
122201
110851
231874
225100
152994
244948
135452
35825
22599
82268
1790
52570
179870
27120
100708
203234
106016
199772
126699
230397
134883
162167
238204
108145
13059
238832
226955
44029
70471
73052
226898
251057
221315
54097
157159
210710
236739
18112
195345
226720
17720
175467
32206
4345
84160
143574
46422
103473
36928
226029
26933
143987
63547
158518
8218
247202
12351
242287
20613
230802
92875
45018
50639
245320
120992
158045
95649
88769
5670
148258
158729
73309
164947
164430
240773
181779
159371
167646
116580
193794
47035
91372
151022
238622
120704
169899
261412
231394
29210
113122
154298
148555
143231
83462
31259
106613
125299
182816
215206
219995
235983
172748
112656
107520
251764
98664
198576
224524
51233
95294
16336
91511
167136
24427
251469
180397
114136
73936
39872
83734
25555
6000
175503
15105
189449
220813
152368
43479
37186
174473
105227
227376
93248
190961
180445
64085
83527
11252
170924
173950
240954
46067
112244
96749
40258
16738
46463
122724
162604
80531
216521
45676
29466
174137
43860
99932
47419
107807
124203
244887
158181
208972
260951
224523
251261
255779
225152
106010
182413
64738
190028
260819
207241
169025
229790
5235
38669
17742
203675
225549
84976
147298
141047
57507
143526
162937
154047
247304
148353
146010
100541
221537
187606
13317
197117
118763
255658
179308
73696
241074
182940
170209
218556
21428
91967
202377
57544
73978
117885
70988
185783
128805
70922
160634
220657
257790
52002
80777
36792
201331
26515
239078
47484
149697
119180
33057
215824
231966
188338
101991
2689
103058
172031
110662
224827
114818
194814
259015
107704
204370
212295
238550
71604
72589
99835
64347
1857
73793
3642
79770
17944
76265
210754
69509
13119
19024
241586
192638
240609
235126
57237
179316
235261
122179
38660
9931
201971
77102
249002
16870
14015
26652
261616
164727
166968
195616
213220
159433
4313
11020
83999
145234
135014
3656
239643
214933
65537
55348
174903
79825
212732
261036
141023
123633
70830
237196
41729
249607
63996
190457
110575
181744
23356
204149
147068
182805
44458
43236
55097
73815
22700
72786
36223
4815
220736
22282
42222
145060
185194
157842
111034
143271
149404
168867
206246
32017
96972
250406
39427
1484
115544
207552
66846
8691
70172
10470
2486
190088
141654
124592
147804
135334
63507
194708
131745
77389
206719
188152
17882
30594
81967
117890
22064
183334
132500
87001
205175
203716
105819
26939
181141
68927
6243
54740
210194
41679
145237
45171
148186
251737
112356
261305
237387
114387
132064
51564
80062
190165
106232
238299
63955
126306
237546
196223
126570
153706
230389
83179
153199
200021
166102
181218
49192
158623
74414
32808
85869
603
108509
43921
168418
40597
209399
100179
228919
8970
31855
162771
258902
110813
233718
14666
200844
111421
28497
12676
239494
238446
211007
83743
27973
213713
67688
134613
18963
92455
119666
178758
233664
236090
176939
256302
60372
79990
175846
15923
43286
132876
65699
183584
255768
199018
17097
190601
114486
73822
217190
117606
214964
169471
143908
216243
41574
46175
4499
68190
150798
36771
244364
236399
28937
97934
209039
30279
223330
68152
240560
187864
126722
216043
235338
120998
125916
63621
146490
140505
37617
205464
36676
91794
220198
100342
19134
40794
68689
170455
79071
164042
68617
122767
112138
91492
26283
113390
214109
56027
60124
235120
225323
89070
3651
191320
199577
260036
79952
122530
178989
35740
140774
161835
115524
164236
93179
34799
184679
184301
141418
154935
244197
101597
89430
75810
150174
242750
253805
250390
246898
140222
171993
59807
140230
70883
134255
186151
205711
40395
180683
232883
89788
142056
69662
192114
152531
196868
16078
116338
225268
144185
26622
197349
255990
249195
153131
165444
49296
7387
70117
155910
6412
162374
187536
95366
44967
37072
62685
248549
229336
152387
174038
105095
195490
38455
183633
124209
82256
219190
155345
170580
193381
40688
112744
97867
235104
186423
107802
233506
256981
202741
48019
194637
86354
42953
67701
244220
143711
186890
86649
86612
164875
179939
257912
226059
92489
161143
253322
70155
122788
162425
112932
58550
48041
44480
112423
78495
256424
192316
75686
88720
100975
69037
74252
36489
199806
239678
145559
256992
227021
85746
175153
102602
249121
5432
210751
86846
43741
248552
85334
58186
111367
174537
182840
222644
2418
118341
26730
173734
110338
229683
104312
214294
73884
181373
25447
192408
134281
13965
79349
40007
77932
190228
125779
95683
79831
42385
188336
57817
224692
215523
211539
82756
56819
48812
143678
141903
201539
16150
236863
41653
37877
128580
63268
133099
257041
143801
246133
205049
115083
157508
97450
166584
38407
232819
53458
70226
48172
233699
160157
133099
168594
18550
240034
148326
101800
111618
156560
122468
117512
106564
95892
164946
163809
114300
145574
23958
96511
208576
109088
178437
58968
75763
65210
182661
45325
44182
69421
84468
186404
171640
176714
3140
81245
195133
50981
46910
114059
111198
10448
247169
32813
58430
174388
200581
25072
11210
232758
144366
103579
65279
44210
112638
8749
7589
200848
171158
212196
55961
62042
158721
88672
39558
46986
142672
78272
44342
258944
4886
258906
110951
108471
155662
241777
53689
79505
110251
197191
193118
112336
5016
34017
1529
123827
30925
175075
98910
152574
44652
3179
205299
86807
25411
137966
9450
152252
245116
111262
69699
69478
34407
109442
195437
90787
41444
94150
149748
242249
178573
39339
115984
133721
89713
79646
166541
256055
256283
59602
71610
36011
190746
84037
103195
47470
103041
152078
248648
77435
214399
8413
231172
183928
19699
47893
203802
151858
87889
125844
251586
7098
106527
147161
21262
176837
74722
230554
115516
79079
46114
12939
250543
151190
104947
239751
19351
142291
137533
149180
123160
164414
173552
215686
22562
103475
154076
243972
28321
259646
2162
242781
250840
179114
167896
211996
1427
114239
198037
47186
157631
51400
107010
106574
75546
148751
203290
244218
2019
93285
88619
180724
41058
256449
171375
200462
101981
204535
19999
123655
46133
261560
167295
222943
93871
28239
128394
259819
214391
31843
207212
175595
76145
116938
141303
247766
186268
248697
225569
262028
171185
7095
236455
53776
207089
158816
216874
26595
173415
179821
136324
135959
19074
89854
215321
17754
249907
87899
120030
64622
71425
143279
146505
90288
25325
92813
128669
255899
89361
171016
133051
183590
106403
184173
47679
131663
178187
25976
210190
145168
100097
248294
246251
45888
237270
116851
69154
123397
55585
53412
278
1441
118249
206900
35303
125569
101602
43101
22099
138960
87178
189719
244131
248299
109897
259560
258364
192796
145196
247000
246024
141600
86137
184604
3073
206229
50571
194971
68878
41180
220733
251439
192608
33538
102496
154929
233102
115270
184271
78884
174977
103953
48806
54588
206398
19073
95330
209159
243524
22603
90387
200574
210436
193679
71992
22388
64872
169744
16238
180128
186004
158311
58499
55150
69132
194439
48664
63413
133270
57866
166668
82016
227267
236900
106745
8523
243680
37423
100239
138231
255263
55993
15266
259298
217102
234314
96278
21906
165490
143607
179285
20349
57491
181376
26767
247924
257415
117007
163002
109617
114896
123074
243144
164872
157462
18968
200115
214288
76768
111492
210287
114639
143159
203834
152904
33293
170458
40510
51416
31577
164683
97401
73529
216836
17375
40388
134495
119626
246494
138947
162137
163179
88998
147434
148719
6776
58067
62054
244935
75177
209448
99614
120047
219769
94299
47156
9064
38577
221744
75133
222454
171678
81962
178986
139156
161466
169531
203971
213068
220599
3412
236331
176690
208175
11711
209765
145860
11747
62118
59757
153895
216539
240811
102226
135576
244947
66476
101629
65951
110913
43354
145371
40920
57041
142279
58626
177398
218985
22268
8250
142953
15124
227011
55089
233096
1912
243452
149391
20545
259713
189186
132246
15588
253410
68143
133340
154127
34646
92198
48335
20703
159677
30947
62530
27560
188907
174914
195695
6116
5908
147362
233045
152714
185213
43620
44305
34141
205589
209140
104071
51328
44680
200025
216823
166483
66988
247424
90195
66534
126146
60202
67946
112490
139423
113832
131587
27946
37460
176784
244564
184573
141383
252833
160972
38297
219932
147004
240100
244738
194984
80276
249138
172721
248814
150680
57910
230241
194699
35216
93748
173140
44623
97197
164506
86644
86477
237534
143594
106650
214857
11545
181444
132372
182190
153340
132033
90901
223364
133082
223725
52548
184465
231797
113252
49938
188533
225337
214620
183303
261039
253035
214089
171429
117992
137154
151311
98788
125672
111039
222695
246090
198456
76297
203802
47756
34827
72019
85557
182513
118917
105967
233433
119101
118215
46273
78648
232052
143354
228217
26593
33428
134915
29398
24402
80393
11397
195579
145838
241404
116663
123480
126815
26998
243480
118042
207889
60642
175405
226660
195702
166101
188822
168977
3031
146454
259236
58462
143154
9527
39042
140591
211082
194321
247505
33995
244043
150085
46303
55155
109342
2169
246663
109016
110715
128215
227840
230120
180331
173547
108158
2351
150615
181650
214844
164548
59439
198513
37099
20127
236269
117862
78820
137338
77667
151654
181784
153628
86257
195698
76550
103559
21072
167420
81342
111717
68314
62947
60620
62946
217380
246416
59238
171878
182687
249621
105758
20965
163703
223938
39857
78662
59191
122439
88950
202414
9194
243862
218124
178472
221213
176992
214749
72843
133439
5060
149837
256355
55529
108239
26234
119392
167605
53533
149055
107403
194403
73053
187525
120775
155969
4162
44395
81855
187404
243484
135304
238191
161542
192763
78965
144856
152498
122151
48965
91572
242569
217142
132565
253243
4200
72952
153324
188896
43058
236276
120796
176239
30567
145664
218333
224879
135390
261230
259353
179624
145084
102080
144869
220507
142225
111966
3823
40156
228628
93853
255705
157064
224980
42763
18855
4580
7674
37140
179461
123865
230929
39862
178482
256962
190905
160560
243882
254393
230155
145272
85648
13947
181477
189161
4050
6805
119358
162901
71822
47470
145703
259524
140195
172974
161102
243849
22650
14885
242870
46889
177572
178682
68959
19966
180763
154121
110574
11745
259717
94775
181736
157130
242815
122473
43082
29753
245073
175886
143069
261491
256406
164981
15466
109227
90564
62356
139909
144642
182246
170608
11861
201475
207645
101989
107436
147490
61076
232292
230430
59242
54669
234242
139174
126721
136575
209713
256057
46836
27389
53211
12551
55858
168033
12610
96453
59523
19861
74320
248121
16212
259238
139803
202939
218671
124716
44932
205936
58511
178482
13433
100299
137514
21527
16325
190978
67579
254906
75595
44385
88508
253146
84193
203368
228473
47029
270
2627
143633
42825
90908
69986
79040
17936
33372
88173
260913
253352
227829
129092
56377
108726
160598
17696
20288
127054
142502
240428
14087
228149
236253
218318
176269
252022
11482
72630
94073
234470
98247
87657
97945
142906
163240
115920
242105
115316
66956
124081
219168
187095
231537
40733
168131
192841
86846
180985
161120
88732
167736
101312
250147
91451
167287
234521
111794
8044
32533
150474
153222
197609
189156
73449
226775
177004
2913
94665
66043
34250
170568
178469
107344
251375
80157
141164
238702
29060
30682
38318
104954
229046
260559
247569
167580
61440
99484
74330
95860
35548
44109
16804
221584
21276
149221
151165
7423
173346
200870
30061
172173
46084
49676
50839
61769
172487
107992
169083
75706
103682
119975
31405
89821
40398
228364
95931
21255
110066
86520
211009
152197
192448
99577
237814
93170
236894
3103
234333
54874
156501
84924
32720
257522
249687
149109
38332
164290
59505
125920
20317
128440
44026
202435
183591
176367
76442
131255
86622
70732
192915
186155
245258
129713
256006
101828
163598
25925
220473
242432
148050
107933
197470
39210
161500
74389
246353
84668
216130
21540
26653
186822
229750
173432
212935
52451
89000
238564
249960
157995
117189
15088
247279
111754
173338
238420
206358
59620
220704
59741
258318
119
82216
131401
64594
226340
245031
214810
160334
20657
152463
67993
106579
99883
129904
254674
127375
117189
53004
44643
195109
39253
131089
98163
131313
190620
247251
184883
142564
187532
69355
125177
100315
175186
153537
197235
21284
86526
171548
43609
8942
53862
164531
208723
131327
256641
239444
110242
51213
189358
139245
35463
86166
164532
173892
119635
231615
150435
187910
44977
244192
203689
47948
102256
170597
140240
182902
72555
151111
148321
139546
159316
83422
171785
186544
144567
82347
246032
44953
101733
251244
242408
245991
53742
157088
47116
48285
109825
90960
244426
200487
2754
224948
136054
755
212041
199212
81651
51606
178405
177587
249181
63145
66272
86260
228455
242856
148883
133142
58812
203154
84468
228408
199154
177522
186847
45993
157071
15070
235148
112514
227083
22465
19695
128298
39540
96072
231343
180622
223793
74448
143378
190059
124264
238597
93215
169260
224721
48497
124283
82911
235999
234650
78303
251135
134544
87943
68642
224763
228276
68211
243766
130946
175480
11861
70031
55193
151655
212420
39414
75951
34810
9317
8142
241277
146071
190233
147376
62608
243890
106555
168576
97384
53859
43565
114593
74156
152491
41003
70120
247497
56867
209434
62874
156215
185982
91096
41328
150419
201285
27829
57908
210764
124066
192559
27947
139751
116603
219813
182972
60001
2906
26089
121048
230295
209333
149636
241613
188251
219382
12610
256683
123702
16420
200155
236988
33588
104509
136338
199655
76648
5404
23051
153765
209117
252939
13327
101925
223834
220968
185189
206627
51160
61084
244999
257747
101285
29042
30354
168415
83822
147804
184770
195755
212872
126895
12453
222594
256047
223695
174681
239155
5728
248883
147106
202575
236523
7152
22119
123422
35793
20268
28419
224956
27166
21681
161135
215735
125473
10396
93960
105591
261603
218213
48779
117682
110758
18555
131819
144471
114367
8051
146685
200757
13428
85824
168170
54802
135520
54289
88901
213466
211327
126598
214751
21382
213933
159478
7071
89837
19716
33787
41775
167092
202245
38177
226126
662
112203
153773
195194
39083
9684
136382
112051
195755
226240
27421
140310
187624
172601
99079
67094
204959
257738
166075
252898
247488
44521
94396
109064
70423
236564
178978
113174
27777
59629
134568
238367
233629
252437
237821
80281
203067
59426
142360
63017
228649
99675
95413
67800
38107
192268
129812
28328
90600
215526
96020
218829
72714
223642
89954
115391
48224
226885
32912
182709
98824
219435
157851
156400
95962
130702
181059
260715
105872
57481
26729
32246
109248
116449
157674
240203
146957
74261
71326
247751
11507
140767
16718
249586
79427
166705
134769
14355
204060
146929
190344
51221
130728
124884
103514
250862
203984
27853
190189
164501
113804
232910
150749
218573
247223
5603
105982
207037
250508
45920
86093
246749
228145
198590
221379
245002
122450
155442
3332
114353
69893
228405
248732
105901
202649
150194
84224
122233
118836
251831
205497
232163
23738
202537
185092
24323
108728
73575
212329
210148
38369
149736
55331
247266
155063
172096
15460
88193
164020
48264
26783
249459
185123
218479
146103
189151
150941
106180
161082
106632
95080
179220
72172
118560
74228
229598
113160
113521
242503
242343
200187
169798
86550
11637
76369
3806
73154
208000
111744
44242
227207
154440
143318
220552
21618
166611
217843
580
218948
234836
106380
60608
58949
4751
193290
100172
211775
179677
253433
80231
147615
144034
84724
260729
227636
170188
207440
42896
220432
141968
204736
104702
57453
8041
249825
132579
159630
152313
61212
75039
9267
80841
175060
138886
188218
57433
67015
32407
52763
241089
46377
153690
36281
70365
108521
116055
217169
47372
64856
252321
184846
130258
137234
168369
12597
247739
259015
12812
165464
206878
230110
125896
123514
157955
95860
207237
174164
218731
57410
252331
75747
171657
170314
102775
169408
109778
138330
238713
67410
45131
29010
209675
241112
254264
32365
184619
213480
179656
25444
257139
185897
14
114490
16276
3093
621
249813
80720
99302
254964
213178
139130
79626
36267
202769
70269
40806
195444
222253
89219
85620
131793
117385
224298
111361
243571
158953
11982
255215
139443
125270
192193
10213
178380
182658
108973
225376
21413
258173
60996
247546
167095
118479
248338
1025
132009
215574
126056
47499
110180
87774
50034
151957
77144
129550
48904
64648
157406
81199
58436
72570
160386
165822
123219
57436
7943
224401
249834
28157
155456
62729
118206
35844
146576
157488
108114
106954
248367
193169
83681
57420
26923
12780
260547
113665
74223
151757
257972
8981
261103
164370
89506
216029
169208
168346
201965
61640
70816
94953
36390
154363
202670
74222
219846
41105
8664
90288
196531
175515
32792
152421
120081
245671
192636
139432
253218
6371
149684
22179
81212
70809
97970
251677
220852
101238
26854
172519
23766
33777
217281
126061
198381
60712
88047
168395
207609
69128
14685
174939
182100
156074
148441
8400
124115
13122
184659
184275
210807
33723
120489
253863
149622
60115
165040
241863
78370
201292
156211
162146
114505
7273
232331
124439
197054
56719
206389
171632
87123
42797
75343
3550
49506
181873
29496
40071
182830
202248
9087
259330
39995
11452
51306
46285
49210
244183
16668
119092
4356
137871
125473
177283
137103
150231
175904
142312
237417
75221
220818
158738
137515
3968
71111
96335
249874
26274
129709
66126
211032
148762
85261
244445
177866
188463
237971
9202
47985
223908
205602
179720
761
210135
21560
195235
62799
238274
51773
182464
138725
107633
69477
193650
15758
182747
102302
38145
198138
65537
113328
95090
241558
58973
36124
98338
82249
169992
154971
224413
189260
178810
148810
165187
184886
136472
110808
45492
201763
199082
247642
150294
111751
212162
190953
109017
120291
108059
202758
243976
124404
256652
246764
205470
28244
211021
223768
219233
139171
40782
118572
105235
19533
178848
195676
134691
144602
212988
194765
46838
73300
21430
201168
25591
151841
152558
148056
233769
250211
67516
7233
160160
217977
134010
124333
48265
167264
226095
161391
138996
242007
86701
195352
151076
222441
238796
182820
111654
127707
240008
62956
2564
101861
134167
97522
8754
54557
125345
243290
41538
168246
37166
127472
177230
58935
99331
179514
127264
209008
35080
216458
156336
10414
12969
261969
242189
99724
102747
106948
238079
200835
255272
171509
193906
84162
130544
204046
187340
131599
178893
6660
126062
42235
12722
30061
111545
99673
184466
5248
217391
195972
64428
161613
60969
205262
50307
99046
47144
131578
203537
66329
191195
142408
122205
252082
235731
164838
198665
219669
89677
127850
179389
91870
35553
197492
212766
137930
54522
202107
156108
22470
191487
64864
195419
109099
251603
91374
109688
160360
99115
144671
231705
30752
222147
140424
144644
80513
231019
37898
107870
202421
65054
688
29680
207063
59563
13366
216004
153117
209242
93910
224793
180941
230740
144095
106404
171983
181273
183972
65085
80308
41413
119866
173358
13238
19599
67211
198953
204573
70612
81995
55120
13260
179476
136333
48928
162944
145315
193768
238544
218274
158468
35947
93894
190947
67146
44749
106499
184293
29533
58938
162203
151290
97614
215151
247578
8220
218282
14251
81993
108596
107990
90777
132602
244286
243626
196496
156248
36706
142426
44432
258671
69426
182460
230816
207006
232000
118787
174828
106237
215735
170770
68723
32394
227150
244554
246031
189586
73954
94953
13951
139069
53834
30779
15948
172439
8575
152094
70259
35373
9768
105287
9154
192349
173972
97724
104334
42832
85591
173808
151763
106493
36053
156569
49375
202055
225502
135133
116077
198156
219840
55751
22330
170256
151823
250831
134731
33918
134851
172501
85684
105118
125251
70718
29296
222465
230821
110503
83794
89957
204947
204913
16715
158344
272
47984
56618
140907
231049
39699
46521
111478
225948
181953
132463
212314
88765
81335
206653
144861
204213
238090
94986
2566
249976
228008
73289
224974
1944
227390
191218
81787
2490
75277
99696
249354
8390
95377
208961
234925
76967
79840
172127
113415
101818
259983
102755
120362
74076
242342
49159
198133
221191
188572
178050
238723
131097
144236
23794
200433
90050
231104
39319
224493
188413
135117
100523
230248
155236
65538
68329
95152
32410
67482
39895
110614
149889
40251
190012
27300
122014
27864
146484
199224
181212
68862
34168
137760
233330
37504
45936
136876
9428
71130
39450
58735
41508
232928
224998
217131
76418
63942
203223
199650
190166
172551
38652
113202
219596
114387
24670
249801
185398
70281
236851
254849
168305
93883
83081
33768
144346
212375
57428
113897
122308
178734
220942
42970
42579
120389
167090
185040
203682
29970
246346
117916
51120
90887
52755
82470
158912
21654
57619
201134
67176
203099
6842
197598
234657
131449
185797
73259
240370
124466
173361
258337
73262
56607
171126
176491
78450
101914
34032
46694
132845
102657
230700
257537
130440
80998
50534
110601
104689
27321
18741
88529
9263
205181
1848
56340
230145
141656
212456
88442
222942
82976
116421
84908
32312
260583
236903
4501
229633
47008
156317
47018
199466
127945
235694
90653
160609
91334
117951
134894
112401
83366
78245
167597
135175
153002
32400
134776
88354
348
70664
225342
165305
141505
116726
115532
9343
68364
119905
23665
161102
131996
134497
146044
160559
107552
66496
244239
166471
60688
141527
24118
69982
238411
208542
40555
130076
124785
4295
174112
204397
86625
31498
126185
24072
18229
248105
19010
186226
111026
235588
143423
121568
111209
113733
141906
206682
204242
204674
188265
102946
111346
152424
90811
156909
123869
241545
225458
197104
103746
135049
143973
206873
4239
214062
9122
37120
208731
107693
124630
208408
260684
261626
140761
214241
229076
224640
236461
240615
18564
124528
206374
2791
63402
155435
220482
134779
156965
21095
237665
135780
237278
75368
240560
176022
195186
43086
201325
248093
94764
207697
256716
231799
203079
65224
62346
246548
45490
108042
67262
131267
261068
24564
166824
207362
23851
33428
43996
251066
257994
28499
103061
169270
27824
161709
1911
78821
118685
223685
116716
219897
258997
215536
166973
260654
113188
241622
130764
227915
260103
125605
69370
3166
126068
226604
175798
194793
104930
149985
60646
258247
174167
245698
107835
185725
251714
140658
109601
228758
160546
145843
220861
235335
25053
22920
98598
220644
137176
195913
190668
177681
230987
73618
187016
207583
16920
136853
261896
237233
46185
200945
11583
189241
157213
15330
59287
2034
83586
173296
91797
225483
12185
103333
229525
9281
118540
61205
35186
129109
262005
60543
41857
215151
257770
102670
235845
127003
187163
206754
77422
44047
45333
82925
241636
63256
15863
233922
71687
91282
174903
135137
98576
125727
44652
257960
140004
227672
192476
26164
142090
218195
137198
237324
54314
126086
20679
159637
84639
174176
117590
80484
170109
213524
260932
178561
102080
237161
97015
93484
184510
27243
89387
240685
82574
115268
21892
82960
209328
144129
151161
173850
180578
130384
29002
240530
240204
157082
18331
83974
212896
109111
11059
117294
257460
122976
242873
135903
15432
114192
178864
86673
257213
134181
50914
163593
80510
147588
109198
118051
143137
73428
249135
170830
186426
32402
209644
140460
101978
9517
52144
154866
110602
220263
127903
188281
75880
95655
238235
245318
72819
241054
69603
218337
166236
89803
215759
36307
145306
75548
255626
44473
233546
140115
174702
127157
240646
104084
240156
237611
106254
22285
212379
112134
176629
145142
15877
163809
56404
108262
88782
196893
92514
225642
31064
117177
206737
189720
236858
250800
215655
134282
261020
143690
226155
141486
257045
75995
52863
59451
63251
63831
121099
262102
250744
54416
11873
59762
61789
54939
191904
101707
103456
39445
22280
5268
132310
212913
179533
68410
240129
107796
217624
85792
90214
221935
10356
15925
18472
10836
81358
92786
244718
174131
136928
65275
222296
244924
221515
78583
32681
6092
218368
230387
108036
168870
133542
45699
34289
157446
254137
31797
13283
119543
249326
36384
131753
244147
222824
150820
154038
114019
143160
111585
26972
129622
150657
237641
172192
243342
149689
24729
10021
86757
125914
81864
125077
239174
58204
191684
198813
150411
164584
11483
216617
117394
23362
141337
64443
76747
111375
37779
256622
164812
249426
144247
48639
240692
241142
248755
166204
17616
193712
1584
246923
119165
225794
79378
50837
16189
153725
113306
69511
231694
118967
260056
182775
13345
129576
189015
137425
188183
88773
81614
127653
161996
205489
155374
125248
237709
12243
150304
116809
212797
56408
106282
157299
152560
244398
204465
72995
185143
205104
112898
173972
106914
175311
206222
220067
172282
91876
70203
260538
110492
9896
26324
112035
101011
147927
260498
30492
144744
96966
1652
227005
159645
223389
31942
226643
165733
36798
111385
189838
113177
201867
45302
234611
211258
166250
121449
37222
244543
196864
77521
32618
254148
59505
1074
241634
226230
134471
68302
209424
219015
241451
250033
206980
191141
246795
66782
146748
124547
97584
246997
155383
12485
67268
18325
221238
185420
97356
7185
217426
57766
111720
257913
70402
236479
203981
67972
124070
21207
68727
75062
151850
24905
177603
65869
242337
22989
66544
140787
97961
98474
107081
156702
144776
231385
28100
5726
90418
186007
3708
133529
141226
151851
191228
164905
85027
127125
41418
225381
28340
230463
257523
50666
41951
182974
253470
215900
53363
99107
250908
250085
83551
30076
250686
211250
82904
235032
152130
85546
90546
26836
173125
117420
170601
194026
65352
48299
175457
217412
120848
156847
215656
209160
186875
61451
183341
24669
45170
139031
134862
171485
28125
214654
139676
13699
112819
48859
180298
148267
123582
41683
179737
237689
17665
144375
83916
267
157256
153375
18197
232992
5872
37118
147457
241182
70760
182153
170065
204347
255173
16282
29973
8299
188945
241906
103193
188130
140209
126663
241848
88195
215700
67073
256108
242353
221258
242144
37386
152699
36942
78380
13113
250549
223461
230620
44916
208274
116255
44269
35528
46132
82482
248426
17360
68540
185818
157643
222041
165082
30768
105461
70473
131277
260612
68716
177857
209038
11383
24548
37207
158756
55832
76708
143633
219200
20371
257729
131714
121658
103723
226248
99756
23482
80090
104078
60970
228734
175299
76332
142529
171715
146523
95313
47996
51713
111012
131939
82201
33756
6230
38541
130439
236700
136441
21344
255339
168507
71268
197684
32522
245231
98032
207524
184024
221739
59268
54399
147907
230745
163414
228017
225336
132006
170570
171168
156193
49898
108439
111361
257068
46128
33873
103340
136783
165402
248228
48784
196357
239502
250212
101914
103796
12582
4639
23761
53881
51774
219046
61661
139159
41447
246725
249866
243779
120551
223230
222382
33166
36001
170610
166838
155122
14250
146312
175944
175623
194716
289
150627
79774
112400
251236
164210
21234
26766
201069
200508
119822
160214
103109
123536
35807
126343
103604
94671
183149
237324
175209
232765
1447
229098
202050
210817
224731
253676
253619
105474
190806
37904
149787
249121
243724
76807
93433
99626
54854
212997
141232
163022
80484
46343
114098
237255
199029
183547
224673
248116
222396
41207
227179
178216
116272
44874
6679
201275
218391
112699
187213
192509
226490
260458
207051
160654
177396
134868
253154
99382
15044
161856
228540
88596
36480
260569
24202
139804
195225
222823
158622
96209
157870
44849
54875
52573
56261
96165
164744
190033
11331
180763
227972
247072
155372
208937
220584
131832
114055
193887
223589
38435
67573
248922
245715
7480
199008
163647
164931
119456
247719
15309
99406
227094
70035
20799
112183
93069
35922
102027
168339
80888
200970
223664
5114
210094
65439
244242
118419
217593
196788
237815
69784
13318
158022
223759
29115
206486
162102
12711
210353
52482
211516
244686
177588
201600
10028
46862
18729
228738
42683
94234
108080
258147
119536
152776
101130
232697
94961
173554
156041
150797
36460
58514
112421
161627
217117
124254
7828
70409
11848
160522
13377
149236
161276
2370
4098
150032
261817
3356
227879
189470
99899
173101
161819
177203
141492
132883
40087
69582
123341
217613
10170
84593
134626
180054
13881
72299
146552
215407
67978
259993
81650
99785
244303
26322
157456
113044
80802
72132
207129
41779
22954
190625
177215
196191
53749
53879
32145
242961
166310
110377
141634
24535
41397
161315
89457
92479
171348
23821
179653
125705
236929
139585
235011
85043
100015
183099
236317
233537
60822
107885
191586
57246
126126
121135
166208
22314
12817
39531
197313
162543
139836
205709
120692
100318
2852
29266
68286
45542
164523
162155
199739
77265
35065
110590
131932
198897
68513
167055
62555
55027
17965
245381
142288
226617
28379
229339
10405
145282
22684
56761
244588
144486
71288
227831
214576
175821
14629
227318
176332
217281
5976
32089
197914
116542
199711
56935
76610
39268
184121
219245
79504
126845
92683
69409
24529
48176
90163
80816
186742
185506
233260
168601
202220
164585
249411
12166
113757
219839
84144
66148
62284
61238
170944
81974
34833
148972
60972
57666
164317
178537
111690
228180
257992
180407
96972
95356
22745
262093
84570
50542
49657
231222
71852
51038
172163
189030
162634
198068
69159
258798
305
117296
54903
122508
116742
107916
206944
42255
171506
218576
238061
221500
60015
12739
89484
176270
164718
183959
118156
111842
94736
29026
40464
155346
132847
57680
122049
57908
130654
228300
208914
91467
47389
122422
95345
55448
223608
155884
166255
87937
101704
7681
101905
243158
122581
13191
210727
140974
222854
188871
28693
66557
217223
83470
41654
128833
189101
12412
225666
251652
181969
72112
254591
6577
46690
184091
107797
189641
12452
144010
192922
83183
208584
190027
154609
236855
28534
3409
4558
192262
51122
162335
230491
23453
13245
165403
119552
110308
187975
249284
245247
855
144591
230812
247026
40408
197209
221083
171953
222445
92172
71530
29662
116575
12394
174712
68072
153342
36804
37517
104935
92595
250986
132364
141134
162590
218507
26557
82165
105917
164901
21870
15826
91037
55039
250720
154673
37435
50823
125835
242893
130973
95603
252599
249559
28113
218130
208278
110946
117
119288
253381
2280
96268
88066
215435
24524
259477
87622
251295
13908
72491
166422
92190
143686
94761
239381
170879
126477
69437
72222
176466
164403
39383
140567
180468
181008
166806
51613
42449
177192
212712
234688
110945
250077
74504
177548
230578
174537
170692
80655
52198
181661
152226
225327
173874
51594
144693
217873
239752
142351
159162
247932
108149
127057
142750
191037
181805
81826
160475
247754
224523
157194
44277
177377
194727
118441
224177
38659
164610
226778
170869
236158
163153
153597
134833
11385
20429
194172
129730
229351
151969
16587
98777
68031
220363
238011
224131
156764
221691
31163
70731
88632
247253
28049
113072
96415
50128
256097
4273
36117
220025
205041
74330
72215
207358
39901
105652
58510
205665
47571
80103
97661
213827
227163
90041
57228
40743
51991
111412
198568
45169
105524
78429
28572
107761
23991
82770
3131
165870
204605
30210
172759
105517
39273
167180
144507
157346
21081
18228
198583
14800
13618
9944
77029
20715
33386
240809
14047
46263
123841
242114
219100
2567
206000
113102
66821
142258
29912
37371
245111
189829
190631
155933
79279
38035
219800
58805
74739
23908
203947
158127
193324
150446
161372
251662
214012
65270
248858
211117
62153
12540
39382
55311
96618
100333
179283
212203
46629
118531
261485
162280
8806
204552
11966
131999
47477
188164
223114
247822
249095
34075
150778
87466
159828
58754
7685
230417
193232
137221
99167
145314
168759
31625
186282
67966
163965
134896
218229
53358
139261
132289
68392
97105
43787
90053
45715
104815
180059
166009
56452
41
86099
57815
8020
94481
182218
176173
126649
17204
87008
118419
37711
144115
32497
33056
65947
41160
25853
1602
18099
74139
141377
215364
159655
155121
87620
113560
242728
207480
199028
48549
9366
13061
49263
204685
101521
86741
179112
87853
24847
40793
205773
26520
79098
222220
34423
217343
81
54655
186747
16317
2919
42983
226820
363
226482
123167
197261
208858
79730
145889
88053
31429
173809
186413
233327
260302
134641
109653
9741
36300
114299
164657
136484
208500
103477
78125
4368
203932
75676
126240
247531
77616
219649
237859
161504
244818
184650
132155
168764
13977
225955
230967
37774
154518
169121
195086
231758
69547
242833
30502
35915
71966
79274
75858
81084
85623
102912
12952
13596
109681
173312
29179
108880
122432
13081
8832
114712
77609
96723
221134
35397
143088
211450
16151
153439
100351
53639
192031
247476
221247
255914
45276
2668
168463
92930
73217
84900
238899
81656
180790
120717
103694
105226
33723
249296
113041
46626
118672
232336
59448
216838
192744
41066
77986
163357
45249
105803
154711
26055
40650
97753
4276
86540
209265
111681
56917
187253
35615
10434
123356
169579
17665
82134
88509
239908
261451
67883
237732
198281
80542
178485
26270
119036
200366
68989
100049
135245
123697
148183
75834
96155
182458
220756
149992
164869
197246
219463
96789
18515
84756
3906
208142
249457
81446
234622
16891
17632
217388
129752
92293
49544
230531
233986
155471
158253
124286
147406
200851
20851
9937
144700
250804
178800
254670
120182
231367
45064
137740
157275
95019
225240
227428
34143
223716
95014
131801
203979
211636
135456
201394
204611
147453
136700
192347
224692
205616
151109
91146
126924
140591
238517
129337
223959
253442
68006
24597
56890
64451
204724
214114
172559
13848
203679
140405
122585
34360
123106
57865
223435
63392
245817
5795
209899
18334
8536
99215
186956
53945
144265
55998
206588
218521
119287
70339
206083
195828
131107
190209
6000
60977
115397
162064
125401
47823
101850
83722
200993
11149
260730
56342
246817
45524
10534
230185
110765
240548
10395
217829
198992
203928
41865
91279
34180
175707
46433
206
124053
53836
185842
251757
219558
128463
247817
74332
166797
131132
253514
78865
25564
103938
54352
110398
181338
190579
164700
31986
107686
239347
192461
255664
104468
254130
43028
46538
91738
181522
234003
46781
120649
85383
189342
244513
66575
142614
255851
147928
116415
44947
104982
4334
19840
115578
147471
125846
18574
107420
154074
235210
29853
160358
75186
80662
232436
73353
82982
221068
72726
91137
183752
29996
219523
46418
114763
11709
246095
186456
262114
182614
30480
247178
155183
205062
44821
59037
162825
242166
136339
207005
216792
121538
123120
75630
49690
42574
229738
199085
182678
149982
83044
176567
101158
219161
52481
208946
24555
185881
162052
199416
207716
249229
149403
137060
6950
154401
138761
255772
175537
20776
176210
147294
7015
152159
68667
105963
190357
31007
37736
4694
233128
218878
80185
72523
175887
43467
121316
99624
27642
107225
223195
210240
130146
198197
246486
234617
189590
68198
240720
206546
211618
185820
84822
245886
33047
156775
72991
252134
186121
129285
225572
189645
115878
116771
212989
46599
243997
72267
169969
1959
75839
251692
110244
136374
99054
79937
227704
204203
74550
230222
12873
95334
131616
60998
205123
26207
26959
254448
108407
47224
239991
78990
109587
259793
58588
229388
7719
84785
153194
128374
40346
119595
80815
189714
225763
127892
211066
82576
32814
136227
29065
54895
119899
88232
258646
62240
46144
123133
196114
16912
121111
162199
93517
104064
82006
136115
36955
227897
245938
6039
33902
123697
2856
84168
49729
108382
198460
4922
51331
17085
117544
56347
70792
22151
208658
107996
52440
203366
251877
179853
148922
247472
33357
213809
235746
112580
14455
139982
105484
84300
171773
78802
147108
198610
41142
57490
126263
4555
82951
224692
54153
70285
152448
189971
81056
35334
220142
89231
138688
54080
29503
39657
152156
244389
257335
17784
89431
220404
249315
224533
239838
57112
110351
92482
5466
36472
41410
181896
85371
9206
135668
94713
22920
43806
30756
226754
257183
258590
10073
68120
33825
56401
113856
31994
207157
170361
17459
81031
84111
189038
68293
227609
39350
205939
241120
2874
131314
133007
64976
217778
96179
204726
77695
53245
167887
252350
12506
230386
165149
223855
57769
8102
244908
224639
154413
69960
253660
34966
150928
88958
39032
92824
172020
5162
157455
16140
42611
90071
185781
87154
164826
175100
121165
176861
21182
113470
49461
247024
129210
150895
41890
132153
193496
59469
70028
190828
153451
151404
249942
110207
101380
35811
37836
200858
35320
116475
130993
113956
191558
230888
145684
163345
42208
163601
122027
170452
54294
130973
132089
235208
102272
214788
88585
24761
247321
66952
142710
23478
180819
120994
163493
203348
6122
185388
3599
232782
228304
184400
14434
110719
8406
117002
47558
150262
249600
220451
7358
66382
207284
62840
167622
136469
188777
63980
36502
87701
140385
134020
127786
107472
65702
51216
34541
6468
24139
141543
64786
36186
60692
61803
6546
162201
2013
108185
21406
158326
151507
42125
158476
110953
198883
140110
237244
200508
137091
33371
103640
33043
151460
41038
226992
31633
27572
159631
234182
55054
30417
159
56393
261016
100543
143908
240588
217900
100832
117218
206474
60400
146283
29042
8527
166456
242572
16126
104281
254700
53703
81338
67714
91817
171188
233705
168551
99757
204654
45907
101609
184826
185363
233521
143207
90146
80997
46676
212077
44892
131194
97609
22075
2543
79124
74637
71994
206359
245712
102869
105856
57624
189404
137945
173300
46191
133391
172942
87801
253589
204565
202479
201364
885
231720
249784
18798
152054
159713
30778
170133
18253
3666
189704
77256
32465
173399
164804
163879
19876
39480
9448
194732
257659
99936
152181
63088
88869
259258
161015
164632
242298
48263
74722
200264
29010
160931
240415
202683
208642
166800
86862
230112
25861
6528
193499
181476
12798
109087
84826
149819
104219
7318
194016
239438
66300
167326
152619
185838
71033
153578
66296
185942
79364
34296
203549
251954
119864
250791
27145
190351
211909
58951
98584
47835
53946
67833
321
214164
17235
207532
256682
223294
166351
185639
188225
107166
97096
47312
137251
79678
197206
107930
59212
210026
260893
232265
200409
246488
181161
237030
185713
257290
146049
8938
152006
144459
22433
25526
255626
136128
131283
139145
106593
112473
261542
203563
244675
10373
55814
20074
202951
35832
502
50005
185081
2376
88029
92924
192200
238791
122010
61015
122261
88212
153209
178810
21074
229590
142524
143393
125231
218245
227608
49042
169604
113329
103303
159182
56043
150121
10655
110938
230261
237627
211801
72567
182246
124762
19471
5861
204438
70088
31525
172764
27307
192759
112518
151317
75696
75772
203662
171115
32484
202914
245281
153639
18216
31664
33024
218465
187572
31449
169784
262137
40971
187352
245922
107589
187635
225748
60176
64042
9620
162878
71032
203764
262140
27326
141810
155443
28449
5128
44384
5991
28869
79931
127074
146831
182848
170748
236017
183437
137208
206253
161348
47198
40456
201871
100180
61884
267
16712
44906
29479
76618
31
108991
209587
183222
2159
225178
68928
187887
255775
232574
76698
75479
117805
47138
157975
117211
166003
109433
53374
112108
92243
201631
56618
238852
169993
239859
194571
244409
101521
89083
110841
62664
34942
184931
165836
84202
229502
111209
79745
53690
12035
178680
60241
108191
144680
216323
188040
165705
260540
257728
13935
134459
194241
72082
160752
95128
215918
174496
143133
209109
45308
63615
154756
234767
219468
162354
22042
44087
108545
114031
77817
17736
261310
17941
6884
142892
44901
231815
146657
32020
212745
90796
42402
95573
56851
117030
59803
232950
170756
215403
130602
48716
234118
74264
157191
199585
188312
125654
113374
165459
143169
85905
40146
150458
4063
180705
185058
211285
145056
232685
122400
22087
38036
108605
16589
69155
223517
214045
239702
4773
162306
96425
253461
50746
243859
222770
207099
229415
174917
217963
16933
57595
117348
179834
193546
222641
148115
173079
92046
224570
113543
82363
65155
55194
78570
39187
201436
34745
249754
25746
251357
20642
22546
57830
211983
64004
155694
41506
180660
94568
48831
186873
76577
164685
113179
171972
139669
69599
94076
250484
124127
236536
72103
177193
106774
149424
39294
77528
34950
256284
224235
131688
175671
123625
118755
155289
165156
110314
189309
151393
188341
32447
36748
194596
211326
2887
23739
238916
222391
250835
178603
249799
171702
158788
173083
243406
44450
22730
179340
52829
121209
104161
260173
245461
100856
207734
222857
229025
238624
143980
69469
103867
165556
134890
254274
232747
231033
178355
132969
255448
240181
22262
209779
8314
137715
216289
69894
130445
202477
118994
133080
103323
73377
67947
134079
218786
49945
238904
214502
9487
135871
69448
246579
198084
12057
128681
166434
205523
233875
171992
234640
212950
162342
78784
201536
4126
30855
34431
142385
165505
159839
156616
186198
232918
146377
215826
228860
27906
95941
16968
153277
2282
1181
9920
11620
70576
233037
103374
821
48272
241531
30757
121527
243202
241535
198852
103260
176187
212101
97803
57460
217298
1887
149473
62613
100979
144279
257006
261981
126539
251014
196340
114281
164528
182917
253230
90452
152634
161872
215786
135287
226038
182034
202631
109102
149930
53429
221266
2836
71749
186289
104339
221323
72310
40726
195103
180747
244687
143142
151141
104463
203321
106174
227995
95517
152421
252019
85394
25861
90322
115265
12253
228230
175455
172844
26969
115672
85646
106535
40494
15383
129019
217112
68817
55165
78078
119446
183701
206997
260572
2578
62491
53656
2013
116399
100494
208607
151101
85545
154601
149606
190244
186907
215337
26538
113980
62686
131804
205524
27507
4945
26068
40291
232440
148625
77723
81696
39843
18669
141273
92434
249339
167155
14443
107349
198930
89082
16907
178303
106609
226567
214717
62413
191624
98470
164660
256913
168240
188408
18697
221640
223228
87282
5783
47752
194163
3553
25302
190300
58824
90085
94469
183457
59727
55572
44093
43371
69960
65423
17162
171949
199805
59079
92520
161928
205894
21584
219254
129386
57750
110210
59316
113247
215500
194267
228491
73959
24377
244023
227172
15883
148379
160039
234172
258194
58109
75887
191722
120304
24652
112099
54937
232669
218381
52786
95624
25182
262028
80168
240277
236584
85377
6333
14971
188419
200565
144809
142013
231096
230065
53306
81889
89044
199773
27040
187647
250234
217684
105656
110965
25053
237248
219238
214998
109688
140843
195682
69127
226675
155096
57387
186324
225042
34750
47767
236660
224675
113349
111073
251318
201171
205809
140266
101318
47098
126604
93382
87794
154023
161647
126105
249145
22451
118037
239943
118429
246383
25239
97941
48657
261820
90245
152003
46474
109917
249450
198992
151842
82840
123431
186853
217937
48014
134025
2097
54831
53804
235437
7829
243581
90868
119312
236992
168812
82685
94059
34313
192177
145656
192678
97622
234219
248502
198446
82787
59103
156028
45934
6511
259270
138407
250239
4296
16504
250452
107879
39840
132516
104975
245050
103121
261934
87772
81758
234289
87812
32739
216511
160917
167070
162811
222311
205814
139813
56107
140120
191033
156866
253445
166132
165859
214312
129550
40852
86241
244856
139614
12965
206423
200173
45036
256585
62994
47553
7040
150949
165649
171278
32419
244746
46769
241295
36248
226427
117469
201542
260020
192466
101930
107620
60368
44616
260242
218426
62322
48309
176199
138435
160691
95240
115851
207965
158731
188344
220862
172588
249912
7318
77659
73265
157262
18721
24808
148421
223890
40783
245265
144114
64758
134305
129593
219681
85065
22065
187027
17023
210277
107300
117149
259322
235869
232802
174098
103678
79468
260835
91091
48241
57903
122507
63131
229765
162177
95694
61337
169340
104531
48192
51688
49841
230934
3850
128340
4543
80688
82401
66485
57573
173151
113765
127356
130541
6504
203519
36387
159679
77457
45291
17316
244755
22721
246909
135748
76622
13649
224976
115319
78924
22770
207017
255366
10740
67495
38041
155828
5024
71718
159396
167211
145985
253287
27429
26700
60452
112776
14466
184416
111975
234853
244509
187188
162167
101514
48993
44561
233528
108874
35973
129090
49249
60657
227837
223064
109163
102339
85274
253215
133549
59550
261692
164035
235455
26232
104911
122215
207685
110921
23491
231443
61010
114119
213474
244378
174143
29331
221270
244306
157587
219122
129888
127260
38190
207738
90225
108049
163057
127607
161044
59954
111307
16468
62184
233039
88979
177682
231494
253751
223675
6275
203882
117174
146273
258542
134478
2629
186881
250509
32833
169779
165034
26751
87977
183306
47153
2996
127394
205435
129569
202236
31965
226479
215408
33731
249090
252976
2767
249919
219454
132217
100985
200454
42299
245195
109706
205319
85489
62117
27172
135270
109379
226700
68902
244201
64497
121185
38612
246043
132545
67575
177002
72472
106640
176943
110951
85935
84951
49171
192724
39605
117514
85529
129755
33051
122286
219014
120965
26302
189046
155926
219335
181482
17385
165090
27844
232412
37940
124744
133341
259580
251918
70590
7561
63047
124679
53223
105109
232782
43502
48939
7380
177215
86871
150500
107109
32163
197813
134750
261409
193837
216478
72923
1502
228739
234223
229917
195467
55303
104386
30881
150848
130697
226287
150485
228012
236177
114218
163900
27030
16870
237383
249093
143376
81607
9846
234862
116140
199949
117458
161975
228987
56455
52338
224392
150199
204409
155668
201315
6145
108810
181402
7503
173274
75539
104829
183927
245602
30447
84259
35515
83230
252562
82070
31727
125459
56738
156589
114569
233573
172689
143451
254087
23735
213531
210186
173643
250173
109203
1279
38632
82017
103529
87363
137747
94764
259871
252967
138128
232610
69314
205630
122761
249156
139714
31017
237881
251889
235695
67427
102071
54083
96763
42
223738
243070
133046
10375
165558
174141
69804
50282
136171
193526
52601
204945
65504
111275
24674
897
34813
11390
225388
35872
4719
247036
240705
232702
40554
51149
150356
78646
11092
33184
170288
54695
93651
63736
80912
98885
245023
208203
190340
79075
55101
251085
214172
62644
26995
227047
168716
73620
209693
64820
61979
216026
248248
114442
19850
167501
1258
146731
118641
242232
195601
130576
161029
95182
88734
220672
37127
142683
106393
91768
226049
34320
40182
39936
183920
76553
159270
158467
143500
110463
90744
19121
196007
9721
133949
193301
203276
168402
226866
62375
122760
170563
261354
91714
178587
7658
70348
132601
235655
51606
53921
81702
252574
150715
20376
84094
98775
246480
225006
8497
42356
156990
149817
191466
161109
85378
258472
78645
199551
13178
80678
165486
54441
40565
129903
146130
92735
246146
91573
20908
230753
174931
237728
84187
30407
151107
90340
111547
119405
175558
140819
31998
61909
43426
168828
177322
209022
187293
212308
138807
97649
13656
168405
245347
38055
101723
82589
212785
12071
186122
119732
82038
4625
25666
20219
99684
94774
257715
145286
29768
160769
122543
72376
162556
251386
227152
261646
261484
200640
189933
211826
96230
234668
246593
194178
231324
169050
116668
100391
48488
153246
56392
62864
237693
170928
217097
160945
168828
54886
110901
121846
211582
221672
24450
17818
105307
148546
61522
253712
67100
197369
187738
194458
16632
117329
114533
133467
64416
163421
184894
194049
189989
6928
119554
235629
93761
91714
258057
180274
142515
30113
167524
80420
109824
197552
241809
46160
186377
254460
181748
118266
85488
142989
135203
147702
130662
143207
218297
91369
179030
257294
184117
67308
139458
245812
253781
166522
183164
179574
211893
36150
22291
252271
105073
43860
226381
118246
95839
169824
174629
155343
214756
222874
67561
120779
154550
249016
104631
200887
106672
67145
222376
174474
74640
158629
131698
9010
64030
8525
3233
245609
187210
225260
72203
228961
225088
123465
9774
235061
247510
259547
226125
229499
1158
39798
165500
184184
176201
177633
24448
227433
166478
70306
135794
245111
45555
256231
117406
207400
158633
153151
74914
246446
25330
123632
128752
113073
137455
239907
192776
208628
105891
81931
251340
93521
29302
6400
213271
98001
10736
255373
239395
240817
145028
246544
44419
149104
85769
191430
57470
207443
5735
153978
98196
140653
174802
150429
70334
153458
159868
191819
22353
67111
254543
174119
38485
194947
70861
31098
66414
213069
109255
255109
60696
204950
184279
139826
28776
51359
3210
124663
137773
32861
134981
172625
152726
7620
29652
65368
99644
146214
103904
116277
147359
182337
234187
76763
39364
144420
30916
145108
199505
86332
181656
200962
134762
147056
95241
223897
128793
12042
97717
64814
24512
79909
28695
66718
162352
197252
134557
186594
157819
38964
233308
197923
16047
114553
75999
175023
68873
226673
136904
128238
48773
221173
249107
259973
173480
256293
94334
130763
34177
142758
177108
228513
229490
157769
145802
223944
74070
195299
41800
185567
126818
197565
59483
91831
52022
156903
199235
194397
114301
73338
35166
142621
216047
235637
220214
191067
141754
21599
167914
138119
127302
239864
148664
36863
250165
126900
75876
19860
89099
235685
122507
248991
115737
193806
91492
148964
25215
219000
189250
65205
75527
80826
158945
213078
194057
109138
22700
12006
256901
135920
103986
138546
233025
208200
1893
247025
221755
96027
165065
201662
199159
231493
168012
146392
61491
69586
72685
238456
187436
136561
185461
112302
75233
144606
209107
129410
240542
99582
214412
190958
52654
193661
109374
32540
145529
79203
123739
78400
259283
136536
122902
877
248633
101698
212745
33413
221667
160045
109271
223384
21261
183877
35631
64854
245932
159685
237723
178752
78272
144735
161792
161982
200733
213490
82770
176911
215466
84318
140201
153948
246173
6759
175126
240847
225556
108831
206772
69465
96350
51547
56097
149331
197080
91187
8023
173158
47165
188146
79813
110775
25700
226124
115751
259788
227311
1484
250743
37008
182498
73903
222457
28318
254475
168160
136149
150792
193932
177621
160903
41335
191678
77042
211424
252800
201559
247313
244107
207529
249085
119507
14425
18394
206612
203222
211385
101281
219597
214070
47570
193615
178889
206351
181827
99850
47168
214149
40577
218262
181283
230112
215591
117586
40306
198375
138086
136641
140524
192037
86190
119786
214360
1694
131043
231573
12732
92720
184303
50844
97817
148929
100162
186003
220839
105189
139933
158023
78493
47666
157636
78981
18509
94764
172609
32882
30370
9951
64815
75624
206157
213305
97671
49853
48240
212816
82381
46786
181841
103441
81596
84453
176515
46636
159434
9810
24843
257378
69139
76676
108282
81347
258501
4372
123606
213893
151719
180361
149609
161600
91059
203919
70048
19791
150362
66040
143415
152971
154742
4763
34500
64349
202092
57974
79032
121100
150104
35893
207297
42
101255
172992
25285
172784
209262
128615
4896
72696
58234
191298
259787
82575
88101
99346
115302
192268
97907
215151
224436
199058
256218
96074
103299
176362
113463
161517
110270
92604
234261
244904
251123
184023
94356
241220
76693
96934
36511
32903
255990
38702
91340
251331
48884
49871
80511
119299
46257
121853
130587
199760
110886
93895
151379
48867
8809
260025
232036
260875
87984
171994
255026
183677
30851
120338
129337
33275
55579
238423
66664
34297
226403
82552
144236
195489
246739
239826
159985
114607
201253
249227
83551
175645
113029
101582
255391
259407
170754
73065
196132
241136
235770
163718
113430
149060
199458
80093
105120
95293
254898
191583
97217
236678
78561
7371
216000
160753
190495
227811
209551
171863
54808
27535
146103
244841
195046
10366
210168
248000
178887
35778
240470
32275
104120
47012
42627
225613
32583
120277
76056
104733
173253
223425
220116
38041
19611
225811
98659
10476
254629
19443
121600
250706
109068
117087
64680
253180
174437
256721
45059
193342
99009
189479
194662
1820
85747
18022
75197
201042
241367
228061
1412
63910
82086
132034
35320
131322
210950
228069
194840
19561
198633
217320
208040
261533
103978
100391
172815
105874
50721
35990
156897
158501
176153
156774
137300
143903
56381
133636
52301
9934
150625
188961
109491
97748
152299
142513
241111
246585
227293
260511
84932
20167
94990
76069
6105
231171
32478
68412
189392
254843
53644
164310
26159
41502
192000
177757
152993
146137
36124
160917
125371
103928
80441
126100
174843
19518
238944
209259
45977
75284
44443
144788
251731
58100
16535
168468
67920
47503
100405
57193
246466
143976
18766
244279
59035
209553
259149
177980
219965
230565
5729
141137
250209
38695
194878
61381
155953
160194
150894
226541
149999
49240
233744
92562
85758
49752
35345
152696
19219
207227
59010
28318
162792
189848
78992
125148
224688
147192
209056
85810
261988
62029
219153
246162
173344
215810
216317
120760
120091
177286
109743
246692
97445
52950
5050
90349
129920
14140
173132
45199
222798
166119
78832
250098
48563
136768
62948
140648
53708
94044
244001
2134
208935
231386
143009
218664
147643
86767
149664
250028
170501
25154
183536
237671
105097
11046
180499
220321
194922
107857
176762
183209
213333
81790
55182
18701
61085
238336
52457
30536
44815
257519
257701
194285
158787
48478
103262
35027
28604
215827
135262
219532
65432
117616
247675
125622
181101
155296
63902
36736
50182
179650
184770
106384
85373
59656
40591
226647
153459
130407
